100 9000
200 20000
300 41000
400 35000
500 56000
600 62000
700 63000
800 76000
900 79000
1000 88000
1100 91000
1200 106000
1300 118000
1400 123000
1500 131000
1600 139000
1700 150000
1800 162000
1900 166000
2000 171000
2100 194000
2200 199000
2300 215000
2400 218000
2500 233000
2600 246000
2700 253000
2800 264000
2900 281000
3000 281000
3100 290000
3200 313000
3300 326000
3400 337000
3500 352000
3600 357000
3700 364000
3800 387000
3900 393000
4000 399000
4100 427000
4200 439000
4300 533000
4400 451000
4500 473000
4600 475000
4700 493000
4800 502000
4900 530000
5000 544000
5100 564000
5200 596000
5300 567000
5400 580000
5500 610000
5600 633000
5700 646000
5800 664000
5900 676000
6000 706000
6100 709000
6200 722000
6300 771000
6400 773000
6500 768000
6600 792000
6700 821000
6800 828000
6900 885000
7000 896000
7100 932000
7200 948000
7300 966000
7400 1020000
7500 994000
7600 1015000
7700 1053000
7800 1083000
7900 1084000
8000 1122000
8100 1202000
8200 1152000
8300 1198000
8400 1210000
8500 1220000
8600 1265000
8700 1291000
8800 1363000
8900 1387000
9000 1363000
9100 1427000
9200 1599000
9300 1929000
9400 1695000
9500 1599000
9600 1668000
9700 1632000
9800 1772000
9900 1995000
10000 1783000
10100 1883000
10200 1911000
10300 1991000
10400 2104000
10500 2086000
10600 2165000
10700 2192000
10800 2300000
10900 2355000
11000 2408000
11100 2390000
11200 2446000
11300 2599000
11400 2932000
11500 2603000
11600 2695000
11700 2765000
11800 2949000
11900 2932000
12000 2952000
12100 3006000
12200 3079000
12300 3217000
12400 3342000
12500 3668000
12600 3919000
12700 4007000
12800 4110000
12900 4350000
13000 4015000
13100 4030000
13200 3994000
13300 5424000
13400 5567000
13500 4577000
13600 5023000
13700 4825000
13800 4963000
13900 4976000
14000 6047000
14100 7453000
14200 7988000
14300 9172000
14400 8933000
14500 8910000
14600 8912000
14700 8969000
14800 9234000
14900 9833000
15000 10331000
15100 10975000
15200 11005000
15300 11473000
15400 10154000
15500 10757000
15600 10629000
15700 11487000
15800 11754000
15900 12475000
16000 14224000
16100 15492000
16200 17100000
16300 17627000
16400 17757000
16500 19575000
16600 19621000
16700 23446000
16800 24220000
16900 26253000
17000 26677000
17100 28358000
17200 30508000
17300 32299000
17400 32509000
17500 34707000
17600 43088000
17700 44661000
17800 48401000
17900 48140000
18000 59556000
18100 68642000
18200 74268000
18300 81684000
18400 99570000
18500 160752000
18600 169476000
18700 201453000
18800 398994000
18900 427806000
19000 515809000
19100 830825000
19200 1046589000
19300 1993106000
19400 -2009787296
19500 753162704
19600 612878704
