100 7000
200 14000
300 20000
400 27000
500 29000
600 25000
700 28000
800 33000
900 35000
1000 39000
1100 42000
1200 47000
1300 48000
1400 51000
1500 53000
1600 55000
1700 58000
1800 51000
1900 52000
2000 55000
2100 58000
2200 55000
2300 58000
2400 58000
2500 58000
2600 60000
2700 61000
2800 76000
2900 118000
3000 73000
3100 115000
3200 157000
3300 132000
3400 144000
3500 138000
3600 96000
3700 100000
3800 96000
3900 127000
4000 90000
4100 87000
4200 86000
4300 89000
4400 88000
4500 90000
4600 90000
4700 91000
4800 94000
4900 96000
5000 99000
5100 100000
5200 103000
5300 104000
5400 149000
5500 110000
5600 114000
5700 115000
5800 118000
5900 118000
6000 119000
6100 126000
6200 127000
6300 131000
6400 133000
6500 135000
6600 137000
6700 139000
6800 146000
6900 148000
7000 150000
7100 150000
7200 151000
7300 159000
7400 160000
7500 165000
7600 164000
7700 169000
7800 174000
7900 179000
8000 176000
8100 184000
8200 186000
8300 187000
8400 193000
8500 194000
8600 198000
8700 199000
8800 206000
8900 321000
9000 231000
9100 215000
9200 220000
9300 223000
9400 224000
9500 227000
9600 229000
9700 233000
9800 237000
9900 243000
10000 246000
10100 249000
10200 253000
10300 255000
10400 256000
10500 266000
10600 296000
10700 383000
10800 367000
10900 391000
11000 608000
11100 794000
11200 1025000
11300 901000
11400 760000
11500 512000
11600 436000
11700 396000
11800 371000
11900 496000
12000 493000
12100 408000
12200 397000
12300 341000
12400 338000
12500 337000
12600 342000
12700 344000
12800 347000
12900 351000
13000 355000
13100 355000
13200 360000
13300 360000
13400 369000
13500 373000
13600 382000
13700 386000
13800 389000
13900 392000
14000 397000
14100 441000
14200 417000
14300 515000
14400 472000
14500 524000
14600 537000
14700 822000
14800 670000
14900 622000
15000 477000
15100 463000
15200 473000
15300 451000
15400 462000
15500 466000
15600 462000
15700 471000
15800 476000
15900 477000
16000 488000
16100 491000
16200 502000
16300 505000
16400 508000
16500 513000
16600 561000
16700 523000
16800 591000
16900 907000
17000 856000
17100 900000
17200 643000
17300 577000
17400 562000
17500 565000
17600 579000
17700 568000
17800 595000
17900 585000
18000 588000
18100 598000
18200 608000
18300 605000
18400 609000
18500 626000
18600 628000
18700 640000
18800 645000
18900 648000
19000 645000
19100 654000
19200 656000
19300 659000
19400 683000
19500 678000
19600 684000
19700 687000
19800 737000
19900 699000
20000 721000
20100 722000
20200 722000
20300 723000
20400 735000
20500 756000
20600 787000
20700 752000
20800 774000
20900 767000
21000 779000
21100 783000
21200 802000
21300 828000
21400 849000
21500 810000
21600 815000
21700 828000
21800 829000
21900 834000
22000 854000
22100 876000
22200 867000
22300 871000
22400 877000
22500 916000
22600 893000
22700 914000
22800 909000
22900 925000
23000 1380000
23100 1328000
23200 1132000
23300 1111000
23400 1215000
23500 1817000
23600 1749000
23700 1841000
23800 1568000
23900 1376000
24000 1434000
24100 1238000
24200 1040000
24300 1123000
24400 1282000
24500 1074000
24600 1046000
24700 1609000
24800 1511000
24900 1314000
25000 1187000
25100 1104000
25200 1100000
25300 1122000
25400 1151000
25500 1118000
25600 1153000
25700 1156000
25800 1159000
25900 1168000
26000 1392000
26100 1222000
26200 1212000
26300 1218000
26400 1240000
26500 1259000
26600 1260000
26700 1260000
26800 1276000
26900 1282000
27000 1290000
27100 1300000
27200 1296000
27300 1363000
27400 1340000
27500 1333000
27600 1332000
27700 1335000
27800 1340000
27900 1350000
28000 1360000
28100 1397000
28200 1462000
28300 1691000
28400 1394000
28500 1400000
28600 1834000
28700 1877000
28800 1673000
28900 2096000
29000 2450000
29100 2508000
29200 2238000
29300 2449000
29400 1516000
29500 1506000
29600 1507000
29700 1525000
29800 1610000
29900 1582000
30000 1581000
30100 1587000
30200 1595000
30300 2082000
30400 2618000
30500 1839000
30600 1604000
30700 1619000
30800 1644000
30900 1650000
31000 1671000
31100 1782000
31200 1680000
31300 1701000
31400 1722000
31500 2006000
31600 1900000
31700 1749000
31800 1741000
31900 1763000
32000 1754000
32100 1774000
32200 1791000
32300 1768000
32400 1789000
32500 1787000
32600 1798000
32700 1847000
32800 1848000
32900 1841000
33000 1859000
33100 1869000
33200 1881000
33300 1878000
33400 1891000
33500 1906000
33600 1914000
33700 1925000
33800 1941000
33900 1943000
34000 1975000
34100 1961000
34200 1960000
34300 2034000
34400 1955000
34500 1973000
34600 2001000
34700 2003000
34800 2029000
34900 2728000
35000 2194000
35100 2028000
35200 2121000
35300 2568000
35400 2195000
35500 2086000
35600 2092000
35700 2092000
35800 2115000
35900 2123000
36000 2115000
36100 2129000
36200 2239000
36300 2147000
36400 2140000
36500 2160000
36600 2194000
36700 2186000
36800 2195000
36900 2206000
37000 2289000
37100 2222000
37200 2238000
37300 2244000
37400 2255000
37500 2251000
37600 2271000
37700 2272000
37800 2277000
37900 2298000
38000 2297000
38100 2312000
38200 2329000
38300 2342000
38400 2342000
38500 2354000
38600 2358000
38700 2479000
38800 2395000
38900 2424000
39000 2770000
39100 2906000
39200 2600000
39300 2422000
39400 2442000
39500 2444000
39600 2463000
39700 2769000
39800 3085000
39900 3501000
40000 3328000
40100 2833000
40200 2586000
40300 2955000
40400 3359000
40500 2580000
40600 2554000
40700 2624000
40800 2741000
40900 2813000
41000 2616000
41100 2664000
41200 2628000
41300 2642000
41400 2664000
41500 2785000
41600 2693000
41700 2708000
41800 2710000
41900 2734000
42000 2736000
42100 2743000
42200 2903000
42300 2888000
42400 2795000
42500 2785000
42600 2813000
42700 2809000
42800 2831000
42900 2845000
43000 3085000
43100 2937000
43200 2867000
43300 2927000
43400 2893000
43500 2930000
43600 2924000
43700 2936000
43800 2946000
43900 2967000
44000 3605000
44100 3456000
44200 3026000
44300 3037000
44400 3053000
44500 3081000
44600 3086000
44700 3098000
44800 3123000
44900 3143000
45000 3147000
45100 3152000
45200 3171000
45300 3193000
45400 3243000
45500 3234000
45600 3272000
45700 3209000
45800 3237000
45900 3256000
46000 3286000
46100 3301000
46200 3325000
46300 3323000
46400 3352000
46500 3436000
46600 3380000
46700 3415000
46800 3396000
46900 3422000
47000 3441000
47100 3547000
47200 3487000
47300 3543000
47400 3532000
47500 3550000
47600 3575000
47700 3596000
47800 3596000
47900 3619000
48000 3639000
48100 3668000
48200 3677000
48300 3696000
48400 3804000
48500 3999000
48600 3775000
48700 3775000
48800 3795000
48900 3857000
49000 3863000
49100 3891000
49200 3918000
49300 3905000
49400 3975000
49500 3984000
49600 4025000
49700 4032000
49800 4129000
49900 4067000
